Tweet, Category
wow hello i am a tweet, 1
another tweet for testing, 2
big tests done here, 3
test test test, 4
why are you so testy?, 5
wow hello i am a tweet, 1
another tweet for testing, 2
big tests done here, 3
test test test, 4
why are you so testy?, 5
ok this is the last test, 6
ok this is the last test, 6
wow hello i am a tweet, 1
another tweet for testing, 2
big tests done here, 3
test test test, 4
why are you so testy?, 5
ok this is the last test, 6
wow hello i am a tweet, 1
another tweet for testing, 2
big tests done here, 3
test test test, 4
why are you so testy?, 5
ok this is the last test, 6
wow hello i am a tweet, 1
another tweet for testing, 2
big tests done here, 3
test test test, 4
why are you so testy?, 5
ok this is the last test, 6
ok this is the last test, 6
ok this is the last test, 6
ok this is the last test, 6
ok this is the last test, 6
ok this is the last test, 6
ok this is the last test, 6
ok this is the last test, 6
ok this is the last test, 6
ok this is the last test, 6
ok this is the last test, 6
ok this is the last test, 6
ok this is the last test, 6
ok this is the last test, 6
ok this is the last test, 6
ok this is the last test, 6
ok this is the last test, 6
ok this is the last test, 6
ok this is the last test, 6
ok this is the last test, 6
ok this is the last test, 6
ok this is the last test, 6
